Experiment 2
Queries 1000000
RQS 10
lazy,0.7903319999999999,2.7662100000000005,0.0,3.5565433333333334,71674.0
eager,0.8222683333333333,2.853823333333333,0.0,3.6760933333333328,71674.0
extra,0.48341866666666666,0.10895733333333334,0.4279753333333333,0.592376,71674.0
RQS 100
lazy,0.3198326666666667,0.21345633333333333,0.0,0.5332893333333334,6931.0
eager,0.32222333333333336,0.23981066666666664,0.0,0.562034,6931.0
extra,0.29930233333333334,0.09377413333333333,0.2263476666666667,0.39307633333333336,6931.0
RQS 1000
lazy,0.21101400000000003,0.11877066666666665,0.0,0.32978466666666667,684.0
eager,0.21325700000000003,0.13499799999999998,0.0,0.348254,684.0
extra,0.18714333333333333,0.07314540000000001,0.12555066666666667,0.260289,684.0
RQS 10000
lazy,0.12079533333333332,0.07346399999999999,0.0,0.19425933333333334,60.0
eager,0.12017333333333334,0.08671426666666666,0.0,0.20688766666666666,60.0
extra,0.119127,0.052696266666666665,0.07844783333333333,0.17182299999999998,60.0
RQS 100000
lazy,0.12771433333333335,0.09907843333333333,0.0,0.22679300000000002,15.0
eager,0.13206166666666666,0.12498266666666667,0.0,0.257044,15.0
extra,0.12951633333333334,0.06469936666666666,0.08583219999999998,0.19421533333333332,15.0
RQS 200000
lazy,0.2606173333333333,0.1987553333333333,0.0,0.4593723333333333,15.0
eager,0.26122533333333336,0.244627,0.0,0.5058526666666666,15.0
extra,0.2606383333333333,0.13082466666666667,0.117793,0.39146300000000006,15.0
RQS 400000
lazy,0.41832966666666666,0.3382176666666667,0.0,0.7565473333333333,12.0
eager,0.4191453333333333,0.4416806666666666,0.0,0.860826,12.0
extra,0.41536666666666666,0.21276066666666668,0.151262,0.6281273333333334,12.0
RQS 800000
lazy,0.804643,0.7015556666666667,0.0,1.5062,13.0
eager,0.803678,0.91879,0.0,1.7224666666666668,13.0
extra,0.7874393333333334,0.45006999999999997,0.24174133333333334,1.2375066666666665,13.0
Queries 10000000
RQS 10
lazy,7.233293333333333,7.195176666666666,0.0,14.428466666666667,71472.0
eager,7.222,7.625703333333334,0.0,14.847699999999998,71472.0
extra,5.085913333333333,1.0473123333333334,3.9345866666666667,6.133226666666666,71472.0
RQS 100
lazy,3.1635566666666666,1.7801500000000001,0.0,4.9437066666666665,6931.0
eager,3.1868600000000007,2.039153333333333,0.0,5.226013333333333,6931.0
extra,2.888963333333333,0.8953236666666666,2.247476666666667,3.7842866666666666,6931.0
RQS 1000
lazy,2.066333333333333,1.146626666666667,0.0,3.2129600000000003,684.0
eager,2.0868233333333333,1.3042,0.0,3.391023333333333,684.0
extra,1.8678633333333332,0.7317030000000001,1.2167333333333332,2.5995666666666666,684.0
RQS 10000
lazy,1.2110100000000001,0.7428373333333332,0.0,1.9538466666666665,60.0
eager,1.2019033333333333,0.8836166666666667,0.0,2.085523333333333,60.0
extra,1.1642066666666666,0.5211776666666667,0.788045,1.6853866666666668,60.0
RQS 100000
lazy,1.2845833333333332,1.0006890000000002,0.0,2.285273333333333,15.0
eager,1.2893866666666667,1.2457733333333332,0.0,2.53516,15.0
extra,1.2541133333333332,0.6290006666666667,0.8831843333333333,1.8831166666666668,15.0
RQS 200000
lazy,2.5763900000000004,1.9936299999999998,0.0,4.570016666666667,15.0
eager,2.5528099999999996,2.576696666666667,0.0,5.129506666666667,15.0
extra,2.4964366666666673,1.25764,1.2292066666666666,3.75408,15.0
RQS 400000
lazy,4.1144533333333335,3.38839,0.0,7.50284,12.0
eager,4.088273333333333,4.5617399999999995,0.0,8.650013333333334,12.0
extra,4.040226666666666,2.0707999999999998,1.5831133333333334,6.1110266666666675,12.0
RQS 800000
lazy,7.992249999999999,7.510079999999999,0.0,15.502333333333333,13.0
eager,7.899256666666666,9.896333333333333,0.0,17.795599999999997,13.0
extra,7.789513333333333,4.46163,3.0122433333333336,12.251166666666668,13.0
