./reads.out 1000000 100000 1000
16 - 0
16,25.2828,0.000827275,0.000300096,0.349316,0.144497,
./reads.out 1000000 100000 1000
16 - 0
16,24.0017,0.000857811,0.000301156,0.351793,0.14426,
./reads.out 1000000 100000 1000
16 - 0
16,24.4431,0.000861678,0.000301986,0.354002,0.144956,
./reads.out 1000000 100000 1000
16 - 0
16,24.1225,0.000855967,0.000298109,0.347732,0.144677,
./reads.out 1000000 100000 1000
16 - 0
16,24.0153,0.00082645,0.000303875,0.346712,0.144798,
./reads.out 1000000 100000 2500
16 - 0
16,60.0563,0.00212685,0.000659455,0.348347,0.361517,
./reads.out 1000000 100000 2500
16 - 0
16,60.0378,0.0021371,0.000646602,0.348788,0.362302,
./reads.out 1000000 100000 2500
16 - 0
16,59.9668,0.00206513,0.00063853,0.347972,0.362295,
./reads.out 1000000 100000 2500
16 - 0
16,60.2303,0.00210237,0.000672608,0.35105,0.365685,
./reads.out 1000000 100000 2500
16 - 0
16,60.0777,0.00209638,0.000690864,0.349938,0.363212,
./reads.out 1000000 100000 5000
16 - 0
16,120.405,0.00415472,0.00120666,0.347768,0.723558,
./reads.out 1000000 100000 5000
16 - 0
16,120.003,0.00416864,0.00122498,0.347701,0.723516,
./reads.out 1000000 100000 5000
16 - 0
16,120.247,0.00419479,0.00121127,0.352727,0.722208,
./reads.out 1000000 100000 5000
16 - 0
16,120.17,0.00429916,0.00129004,0.351199,0.730317,
./reads.out 1000000 100000 5000
16 - 0
16,120.348,0.00423506,0.00123526,0.353839,0.724727,
./reads.out 1000000 100000 10000
16 - 0
16,240.189,0.00848154,0.00235178,0.358628,1.44733,
./reads.out 1000000 100000 10000
16 - 0
16,243.254,0.00844698,0.00235987,0.352973,1.45199,
./reads.out 1000000 100000 10000
16 - 0
16,240.199,0.0084064,0.00235306,0.349544,1.44747,
./reads.out 1000000 100000 10000
16 - 0
16,240.56,0.00843996,0.00237743,0.34748,1.44356,
./reads.out 1000000 100000 10000
16 - 0
16,240.248,0.00845259,0.00239462,0.34885,1.4468,
./reads.out 1000000 100000 25000
16 - 0
16,600.415,0.021066,0.00657705,0.349453,3.61468,
./reads.out 1000000 100000 25000
16 - 0
16,601.377,0.0211065,0.00649482,0.350984,3.62395,
./reads.out 1000000 100000 25000
16 - 0
16,600.95,0.0211348,0.006521,0.35095,3.61978,
./reads.out 1000000 100000 25000
16 - 0
16,601.014,0.0211558,0.00647277,0.349209,3.62181,
./reads.out 1000000 100000 25000
16 - 0
16,603.171,0.0212079,0.00651003,0.352455,3.63014,
./reads.out 1000000 100000 50000
16 - 0
16,1207.9,0.0425986,0.0134231,0.356094,7.30717,
./reads.out 1000000 100000 50000
16 - 0
16,1206.1,0.0421919,0.013117,0.349551,7.25908,
./reads.out 1000000 100000 50000
16 - 0
16,1204.56,0.0423382,0.0132583,0.349828,7.25433,
./reads.out 1000000 100000 50000
16 - 0
16,1205.18,0.0422163,0.0131342,0.349558,7.25525,
./reads.out 1000000 100000 50000
16 - 0
16,1204.91,0.0421901,0.0132957,0.355991,7.25703,
./reads.out 1000000 100000 100000
16 - 0
16,2410.88,0.0849672,0.0260785,0.35024,14.4857,
./reads.out 1000000 100000 100000
16 - 0
16,2480.37,0.0892541,0.0282082,0.378106,15.3053,
./reads.out 1000000 100000 100000
16 - 0
16,2490.27,0.0845919,0.0264312,0.363237,14.5104,
./reads.out 1000000 100000 100000
16 - 0
16,2402.97,0.0844601,0.0260965,0.348607,14.4552,
./reads.out 1000000 100000 100000
16 - 0
16,2404.31,0.084699,0.026304,0.350732,14.5056,
./reads.out 1000000 100000 250000
16 - 0
16,6010.83,0.21145,0.0608489,0.349966,36.246,
./reads.out 1000000 100000 250000
16 - 0
16,6009.98,0.211656,0.0599445,0.353695,36.2411,
./reads.out 1000000 100000 250000
16 - 0
16,6016.98,0.211279,0.0601298,0.350181,36.275,
./reads.out 1000000 100000 250000
16 - 0
16,6013.8,0.210996,0.060029,0.350277,36.2422,
./reads.out 1000000 100000 250000
16 - 0
16,6027.48,0.211711,0.0598971,0.354583,36.2387,
./reads.out 1000000 100000 500000
16 - 0
16,12276.3,0.423774,0.119438,0.356018,72.4919,
