./reads.out 1000000 100000 10 10000
9 - 0
9,0.0500722,8.248e-06,2.0261e-05,0.0316297,0.000144274,
./reads.out 1000000 100000 10 10000
9 - 0
9,0.0260691,8.811e-06,2.29e-05,0.0316005,0.000146644,
./reads.out 1000000 100000 10 10000
9 - 0
9,0.0262931,8.838e-06,2.2732e-05,0.0320789,0.000144553,
./reads.out 1000000 100000 10 10000
9 - 0
9,0.0250947,8.679e-06,2.0254e-05,0.0322004,0.000144577,
./reads.out 1000000 100000 10 10000
9 - 0
9,0.0244555,8.027e-06,1.7919e-05,0.0320349,0.00014541,
./reads.out 1000000 100000 100 10000
56 - 0
56,0.263229,6.6529e-05,8.4386e-05,0.226167,0.0014842,
./reads.out 1000000 100000 100 10000
56 - 0
56,0.241171,6.7431e-05,8.4539e-05,0.226209,0.00144673,
./reads.out 1000000 100000 100 10000
56 - 0
56,0.240934,9.6849e-05,8.4059e-05,0.226015,0.00144151,
./reads.out 1000000 100000 100 10000
56 - 0
56,0.245237,6.8392e-05,0.000102224,0.229972,0.0015082,
./reads.out 1000000 100000 100 10000
56 - 0
56,0.244118,6.6114e-05,8.4861e-05,0.226736,0.00146041,
./reads.out 1000000 100000 1000 10000
76 - 0
76,2.51599,0.000787713,0.000464234,0.340718,0.0144238,
./reads.out 1000000 100000 1000 10000
76 - 0
76,2.36351,0.000780569,0.000467116,0.340826,0.0145835,
./reads.out 1000000 100000 1000 10000
76 - 0
76,2.36296,0.000753461,0.000472563,0.339817,0.0143825,
./reads.out 1000000 100000 1000 10000
76 - 0
76,2.37456,0.000755673,0.000469071,0.340411,0.0143548,
./reads.out 1000000 100000 1000 10000
76 - 0
76,2.36538,0.000783893,0.000496917,0.339573,0.0144529,
./reads.out 1000000 100000 10000 10000
74 - 0
74,24.7408,0.00781519,0.00353482,0.34107,0.14436,
./reads.out 1000000 100000 10000 10000
74 - 0
74,23.6663,0.00754782,0.00360073,0.343162,0.144237,
./reads.out 1000000 100000 10000 10000
74 - 0
74,23.648,0.00774384,0.0035983,0.340992,0.144227,
./reads.out 1000000 100000 10000 10000
74 - 0
74,23.6813,0.00772989,0.00360904,0.340589,0.144308,
./reads.out 1000000 100000 10000 10000
74 - 0
74,23.6925,0.00758811,0.00356776,0.341867,0.144351,
./reads.out 1000000 100000 100000 10000
74 - 0
74,239.544,0.0766122,0.0339668,0.341312,1.44262,
./reads.out 1000000 100000 100000 10000
74 - 0
74,236.44,0.0764043,0.0342036,0.340052,1.44189,
./reads.out 1000000 100000 100000 10000
74 - 0
74,236.435,0.0762946,0.0338524,0.341549,1.44272,
./reads.out 1000000 100000 100000 10000
74 - 0
74,236.345,0.0763789,0.0341187,0.342373,1.44255,
./reads.out 1000000 100000 100000 10000
74 - 0
74,236.637,0.0761548,0.0338611,0.341203,1.44125,
./reads.out 1000000 100000 10 100000
10 - 0
10,0.23931,9.58e-06,4.0882e-05,0.223838,0.00144425,
./reads.out 1000000 100000 10 100000
10 - 0
10,0.249026,2.4518e-05,5.3452e-05,0.229699,0.00147349,
./reads.out 1000000 100000 10 100000
10 - 0
10,0.238687,1.0091e-05,2.6598e-05,0.223405,0.00144384,
./reads.out 1000000 100000 10 100000
10 - 0
10,0.241626,9.861e-06,4.0822e-05,0.224217,0.0014487,
./reads.out 1000000 100000 10 100000
10 - 0
10,0.242013,9.64e-06,2.6993e-05,0.223977,0.00153112,
./reads.out 1000000 100000 100 100000
16 - 0
16,2.36188,8.8338e-05,7.7294e-05,0.333436,0.0145552,
./reads.out 1000000 100000 100 100000
16 - 0
16,2.36038,8.7371e-05,7.8729e-05,0.334288,0.0144577,
./reads.out 1000000 100000 100 100000
16 - 0
16,2.35995,8.8086e-05,7.827e-05,0.333581,0.0144456,
./reads.out 1000000 100000 100 100000
16 - 0
16,2.35678,8.7358e-05,7.5961e-05,0.333478,0.0144414,
./reads.out 1000000 100000 100 100000
16 - 0
16,2.36832,8.8033e-05,7.6952e-05,0.334014,0.0145692,
./reads.out 1000000 100000 1000 100000
16 - 0
16,23.5073,0.00084037,0.000309399,0.34095,0.144151,
./reads.out 1000000 100000 1000 100000
16 - 0
16,23.5334,0.000839105,0.000307076,0.340776,0.144453,
./reads.out 1000000 100000 1000 100000
16 - 0
16,23.5324,0.000835272,0.00030203,0.340751,0.144246,
./reads.out 1000000 100000 1000 100000
16 - 0
16,23.5189,0.000872398,0.000302835,0.339695,0.143929,
./reads.out 1000000 100000 1000 100000
16 - 0
16,23.5589,0.000834712,0.000300538,0.340936,0.14425,
./reads.out 1000000 100000 10000 100000
16 - 0
16,235.246,0.00841261,0.00234971,0.340901,1.43817,
./reads.out 1000000 100000 10000 100000
16 - 0
16,235.22,0.00854419,0.00238008,0.340444,1.44104,
./reads.out 1000000 100000 10000 100000
16 - 0
16,235.535,0.00847875,0.00239392,0.34033,1.44114,
./reads.out 1000000 100000 10000 100000
16 - 0
16,235.531,0.00845115,0.00237414,0.341288,1.44055,
./reads.out 1000000 100000 10000 100000
16 - 0
16,235.499,0.00854914,0.00236739,0.340746,1.4395,
./reads.out 1000000 100000 100000 100000
16 - 0
16,2356.91,0.0847878,0.026241,0.341526,14.3926,
./reads.out 1000000 100000 100000 100000
16 - 0
16,2356.32,0.0851991,0.0262562,0.340877,14.418,
./reads.out 1000000 100000 100000 100000
16 - 0
16,2358.5,0.0849409,0.0260809,0.341119,14.4013,
./reads.out 1000000 100000 100000 100000
16 - 0
16,2353.38,0.085224,0.0264907,0.340787,14.4127,
./reads.out 1000000 100000 100000 100000
16 - 0
16,2354.69,0.0849035,0.0264958,0.341811,14.4189,
